1 219513098 219513098
1 39181366 39181366
2 208074544 208074548
3 12252703 12252703
5 163508992 163508992
5 52792437 52792437
5 65189412 65189412
6 126368521 126368521
6 132778989 132778989
6 32168994 32168994
6 32615274 32615274
6 32659175 32659175
6 7240344 7240344
7 130782095 130782095
7 28037651 28037651
7 28067886 28067886
8 2060836 2060836
8 2060836 2060837
8 78750234 78750234
9 22136441 22136441
9 68430208 68430208
10 112986029 112986029
10 113320744 113320744
10 12269466 12269466
10 12283059 12283059
10 12616744 12616744
10 69692529 69692529
11 117823677 117823677
11 17396930 17396930
11 2708716 2708716
11 73107249 73107249
15 41736156 41736156
16 244211 244211
17 17497321 17497321
17 37683650 37683650
19 45798198 45798198
