#chrom	pos	ref	alt	pval	beta	sebeta	maf	maf_cases	maf_controls	n_hom_cases	n_het_cases	n_hom_controls	n_het_controls
1	219513098	C	T	3.499e-04	0.0575	0.0161	1.710e-01	1.769e-01	1.700e-01	10326.96	14077.42	62087.75	88895.67
1	39181366	G	A	9.910e-05	-0.0597	0.0153	2.611e-01	2.555e-01	2.620e-01	14918.16	11908.69	95662.02	73001.27
5	163508992	C	G	1.663e-01	-0.1865	0.1347	1.654e-03	1.452e-03	1.686e-03	84.76	3175.83	615.63	19595.79
5	52792437	G	A	3.064e-02	0.5607	0.2594	4.361e-04	5.786e-04	4.133e-04	33.78	1770.37	150.93	10563.87
5	65189412	T	C	6.006e-01	-0.3386	0.6468	6.141e-05	6.186e-05	6.133e-05	3.61	562.99	22.40	3464.33
6	132778989	C	T	1.140e-01	-0.0253	0.0160	1.817e-01	1.784e-01	1.823e-01	10414.72	14104.93	66550.84	87486.66
6	32168994	C	T	8.023e-01	-0.0935	0.3737	2.169e-04	1.997e-04	2.197e-04	11.66	1119.46	80.22	6997.19
6	32615274	C	T	8.094e-03	0.0467	0.0176	1.544e-01	1.581e-01	1.538e-01	9232.71	14222.37	56176.20	90010.51
6	7240344	A	T	3.862e-06	0.0961	0.0208	8.124e-02	8.562e-02	8.054e-02	4999.13	14129.38	29407.43	87524.98
7	130782095	A	G	2.712e-06	0.0785	0.0167	1.479e-01	1.545e-01	1.468e-01	9019.44	14329.87	53612.94	90353.48
7	28037651	T	G	7.976e-01	-0.1341	0.5230	1.302e-04	1.082e-04	1.337e-04	6.32	797.74	48.83	5408.46
7	28067886	C	T	8.515e-01	-0.0989	0.5283	1.280e-04	1.083e-04	1.311e-04	6.33	793.65	47.87	5354.84
8	2060836	TC	T	6.579e-01	0.0114	0.0257	5.061e-02	5.039e-02	5.064e-02	2942.04	12606.38	18492.73	78667.53
8	2060836	TC	T	6.579e-01	0.0114	0.0257	5.061e-02	5.039e-02	5.064e-02	2942.04	12606.38	18492.73	78667.53
8	78750234	A	G	3.976e-01	0.2111	0.2496	4.975e-04	5.488e-04	4.893e-04	32.04	1621.04	178.65	10362.19
9	22136441	G	C	1.530e-08	0.1633	0.0289	3.841e-02	4.212e-02	3.781e-02	2459.40	12065.32	13807.91	72394.72
9	68430208	A	G	9.263e-01	0.1544	1.6696	1.308e-05	1.491e-05	1.279e-05	0.87	260.65	4.67	1620.80
10	112986029	G	A	1.300e-06	-0.1742	0.0360	2.516e-02	2.245e-02	2.559e-02	1310.67	9815.65	9345.02	63383.32
10	113320744	C	T	7.449e-01	0.1167	0.3589	2.533e-04	2.396e-04	2.555e-04	13.99	1320.59	93.29	8774.87
10	12269466	G	A	3.637e-04	0.0619	0.0174	1.360e-01	1.397e-01	1.355e-01	8154.66	14359.14	49466.13	91019.65
10	12283059	T	C	3.202e-04	0.0724	0.0201	9.230e-02	9.602e-02	9.171e-02	5606.10	14241.09	33486.87	88855.17
10	12616744	C	G	1.199e-01	-0.0247	0.0159	1.850e-01	1.830e-01	1.854e-01	10683.01	13913.04	67691.49	86510.64
10	69692529	T	C	8.268e-04	-0.0542	0.0162	3.269e-01	3.226e-01	3.276e-01	18833.73	9278.13	119626.94	56185.69
11	117823677	A	G	5.089e-03	0.0629	0.0224	6.798e-02	6.997e-02	6.766e-02	4085.14	13674.43	24707.02	84381.72
11	17396930	C	A	2.147e-05	-0.0729	0.0172	1.394e-01	1.327e-01	1.405e-01	7748.57	14569.93	51287.44	90800.30
11	2708716	C	G	1.483e-01	0.0230	0.0159	1.895e-01	1.914e-01	1.892e-01	11173.01	13821.97	69099.76	85979.72
15	41736156	C	A	1.473e-01	-0.0230	0.0159	1.829e-01	1.816e-01	1.831e-01	10600.49	13922.95	66856.62	87156.99
16	244211	A	G	3.290e-02	-0.0711	0.0333	2.838e-02	2.725e-02	2.855e-02	1591.30	10388.94	10426.43	65871.04
17	17497321	G	GC	8.962e-02	-0.0260	0.0153	2.505e-01	2.474e-01	2.510e-01	14446.78	12204.74	91658.16	75316.86
17	37683650	C	T	4.555e-01	-0.0148	0.0198	9.535e-02	9.460e-02	9.547e-02	5523.47	14228.99	34860.42	89518.38
19	45798198	A	C	2.834e-04	0.0676	0.0186	1.071e-01	1.121e-01	1.063e-01	6545.20	14531.40	38823.31	90769.33
