#chrom	pos	ref	alt	pval	beta	sebeta	maf	maf_cases	maf_controls	n_hom_cases	n_het_cases	n_hom_controls	n_het_controls
1	219513098	C	T	2.762e-05	0.0461	0.0110	5.851e-01	5.949e-01	5.835e-01	10326.96	14077.42	62087.75	88895.67
1	39181366	G	A	1.422e-05	-0.0526	0.0121	7.227e-01	7.150e-01	7.239e-01	14918.16	11908.69	95662.02	73001.27
6	7240344	A	T	1.262e-08	0.0630	0.0111	4.025e-01	4.132e-01	4.008e-01	4999.13	14129.38	29407.43	87524.98
7	130782095	A	G	8.130e-08	0.0582	0.0108	5.429e-01	5.544e-01	5.411e-01	9019.44	14329.87	53612.94	90353.48
9	22136441	G	C	2.083e-20	0.1123	0.0121	2.762e-01	2.909e-01	2.739e-01	2459.40	12065.32	13807.91	72394.72
10	112986029	G	A	8.842e-13	-0.0941	0.0132	2.231e-01	2.130e-01	2.248e-01	1310.67	9815.65	9345.02	63383.32
10	12283059	T	C	1.142e-05	0.0485	0.0111	4.280e-01	4.359e-01	4.268e-01	5606.10	14241.09	33486.87	88855.17
11	117823677	A	G	4.633e-04	0.0394	0.0112	3.675e-01	3.741e-01	3.664e-01	4085.14	13674.43	24707.02	84381.72
11	17396930	C	A	3.411e-07	-0.0553	0.0108	5.276e-01	5.150e-01	5.296e-01	7748.57	14569.93	51287.44	90800.30
19	45798198	A	C	5.108e-06	0.0496	0.0109	4.629e-01	4.731e-01	4.612e-01	6545.20	14531.40	38823.31	90769.33
