#chrom	pos	ref	alt	pval	beta	sebeta	maf	maf_cases	maf_controls	n_hom_cases	n_het_cases	n_hom_controls	n_het_controls
1	219513098	C	T	2.762e-05	0.0461	0.0110	5.851e-01	5.949e-01	5.835e-01	10326.96	14077.42	62087.75	88895.67
1	39181366	G	A	1.422e-05	-0.0526	0.0121	7.227e-01	7.150e-01	7.239e-01	14918.16	11908.69	95662.02	73001.27
5	163508992	C	G	5.457e-01	0.0141	0.0233	5.707e-02	5.730e-02	5.704e-02	84.76	3175.83	615.63	19595.79
5	52792437	G	A	2.537e-02	0.0707	0.0316	2.999e-02	3.148e-02	2.976e-02	33.78	1770.37	150.93	10563.87
5	65189412	T	C	8.705e-01	0.0090	0.0554	9.632e-03	9.766e-03	9.610e-03	3.61	562.99	22.40	3464.33
6	132778989	C	T	1.222e-01	-0.0172	0.0111	6.033e-01	5.983e-01	6.041e-01	10414.72	14104.93	66550.84	87486.66
6	32168994	C	T	4.592e-01	0.0293	0.0395	1.960e-02	1.957e-02	1.960e-02	11.66	1119.46	80.22	6997.19
6	32615274	C	T	3.146e-02	0.0257	0.0119	5.550e-01	5.599e-01	5.542e-01	9232.71	14222.37	56176.20	90010.51
6	7240344	A	T	1.262e-08	0.0630	0.0111	4.025e-01	4.132e-01	4.008e-01	4999.13	14129.38	29407.43	87524.98
7	130782095	A	G	8.130e-08	0.0582	0.0108	5.429e-01	5.544e-01	5.411e-01	9019.44	14329.87	53612.94	90353.48
7	28037651	T	G	2.141e-03	-0.1400	0.0456	1.491e-02	1.388e-02	1.508e-02	6.32	797.74	48.83	5408.46
7	28067886	C	T	4.252e-03	-0.1307	0.0457	1.477e-02	1.381e-02	1.493e-02	6.33	793.65	47.87	5354.84
8	2060836	TC	T	2.673e-01	0.0130	0.0117	3.167e-01	3.167e-01	3.167e-01	2942.04	12606.38	18492.73	78667.53
8	2060836	TC	T	2.673e-01	0.0130	0.0117	3.167e-01	3.167e-01	3.167e-01	2942.04	12606.38	18492.73	78667.53
8	78750234	A	G	9.133e-01	0.0036	0.0326	2.929e-02	2.886e-02	2.936e-02	32.04	1621.04	178.65	10362.19
9	22136441	G	C	2.083e-20	0.1123	0.0121	2.762e-01	2.909e-01	2.739e-01	2459.40	12065.32	13807.91	72394.72
9	68430208	A	G	6.776e-01	0.0354	0.0852	4.468e-03	4.494e-03	4.464e-03	0.87	260.65	4.67	1620.80
10	112986029	G	A	8.842e-13	-0.0941	0.0132	2.231e-01	2.130e-01	2.248e-01	1310.67	9815.65	9345.02	63383.32
10	113320744	C	T	1.879e-01	-0.0468	0.0355	2.434e-02	2.310e-02	2.454e-02	13.99	1320.59	93.29	8774.87
10	12269466	G	A	3.300e-03	0.0320	0.0109	5.209e-01	5.253e-01	5.202e-01	8154.66	14359.14	49466.13	91019.65
10	12283059	T	C	1.142e-05	0.0485	0.0111	4.280e-01	4.359e-01	4.268e-01	5606.10	14241.09	33486.87	88855.17
10	12616744	C	G	1.678e-01	-0.0153	0.0111	6.072e-01	6.042e-01	6.077e-01	10683.01	13913.04	67691.49	86510.64
10	69692529	T	C	5.981e-03	-0.0380	0.0138	8.084e-01	8.041e-01	8.091e-01	18833.73	9278.13	119626.94	56185.69
11	117823677	A	G	4.633e-04	0.0394	0.0112	3.675e-01	3.741e-01	3.664e-01	4085.14	13674.43	24707.02	84381.72
11	17396930	C	A	3.411e-07	-0.0553	0.0108	5.276e-01	5.150e-01	5.296e-01	7748.57	14569.93	51287.44	90800.30
11	2708716	C	G	7.452e-03	0.0299	0.0112	6.147e-01	6.195e-01	6.139e-01	11173.01	13821.97	69099.76	85979.72
11	73107249	T	C	1.738e-02	-0.2121	0.0892	3.988e-03	3.288e-03	4.100e-03	0.03	191.91	2.26	1492.52
15	41736156	C	A	4.630e-02	-0.0220	0.0110	6.044e-01	6.016e-01	6.049e-01	10600.49	13922.95	66856.62	87156.99
16	244211	A	G	9.278e-03	-0.0332	0.0128	2.368e-01	2.324e-01	2.375e-01	1591.30	10388.94	10426.43	65871.04
17	17497321	G	GC	1.201e-01	-0.0185	0.0119	7.077e-01	7.039e-01	7.083e-01	14446.78	12204.74	91658.16	75316.86
17	37683650	C	T	1.035e-01	-0.0180	0.0110	4.357e-01	4.329e-01	4.361e-01	5523.47	14228.99	34860.42	89518.38
19	45798198	A	C	5.108e-06	0.0496	0.0109	4.629e-01	4.731e-01	4.612e-01	6545.20	14531.40	38823.31	90769.33
