#chrom	pos	ref	alt	pval	beta	sebeta	maf	maf_cases	maf_controls	n_hom_cases	n_het_cases	n_hom_controls	n_het_controls
1	219513098	C	T	3.499e-04	0.0575	0.0161	1.710e-01	1.769e-01	1.700e-01	10326.96	14077.42	62087.75	88895.67
1	39181366	G	A	9.910e-05	-0.0597	0.0153	2.611e-01	2.555e-01	2.620e-01	14918.16	11908.69	95662.02	73001.27
6	7240344	A	T	3.862e-06	0.0961	0.0208	8.124e-02	8.562e-02	8.054e-02	4999.13	14129.38	29407.43	87524.98
7	130782095	A	G	2.712e-06	0.0785	0.0167	1.479e-01	1.545e-01	1.468e-01	9019.44	14329.87	53612.94	90353.48
9	22136441	G	C	1.530e-08	0.1633	0.0289	3.841e-02	4.212e-02	3.781e-02	2459.40	12065.32	13807.91	72394.72
10	112986029	G	A	1.300e-06	-0.1742	0.0360	2.516e-02	2.245e-02	2.559e-02	1310.67	9815.65	9345.02	63383.32
10	12269466	G	A	3.637e-04	0.0619	0.0174	1.360e-01	1.397e-01	1.355e-01	8154.66	14359.14	49466.13	91019.65
10	12283059	T	C	3.202e-04	0.0724	0.0201	9.230e-02	9.602e-02	9.171e-02	5606.10	14241.09	33486.87	88855.17
10	69692529	T	C	8.268e-04	-0.0542	0.0162	3.269e-01	3.226e-01	3.276e-01	18833.73	9278.13	119626.94	56185.69
11	17396930	C	A	2.147e-05	-0.0729	0.0172	1.394e-01	1.327e-01	1.405e-01	7748.57	14569.93	51287.44	90800.30
19	45798198	A	C	2.834e-04	0.0676	0.0186	1.071e-01	1.121e-01	1.063e-01	6545.20	14531.40	38823.31	90769.33
