#chrom	pos	ref	alt	pval	beta	sebeta	maf	maf_cases	maf_controls	n_hom_cases	n_het_cases	n_hom_controls	n_het_controls
1	219513098	C	T	3.990e-05	0.0453	0.0110	5.849e-01	5.949e-01	5.823e-01	10326.96	14077.42	37611.74	54095.11
1	39181366	G	A	1.118e-05	-0.0534	0.0122	7.227e-01	7.150e-01	7.247e-01	14918.16	11908.69	58289.66	44359.41
6	7240344	A	T	2.302e-08	0.0620	0.0111	4.026e-01	4.132e-01	3.998e-01	4999.13	14129.38	17763.90	53261.89
7	130782095	A	G	5.314e-07	0.0546	0.0109	5.433e-01	5.544e-01	5.404e-01	9019.44	14329.87	32458.27	55097.25
9	22136441	G	C	1.686e-19	0.1098	0.0122	2.755e-01	2.909e-01	2.714e-01	2459.40	12065.32	8276.67	43726.27
10	112986029	G	A	1.818e-11	-0.0889	0.0132	2.228e-01	2.130e-01	2.253e-01	1310.67	9815.65	5655.43	38729.03
10	12283059	T	C	1.216e-05	0.0486	0.0111	4.280e-01	4.359e-01	4.259e-01	5606.10	14241.09	20256.86	54065.38
11	117823677	A	G	1.467e-04	0.0428	0.0113	3.674e-01	3.741e-01	3.657e-01	4085.14	13674.43	14888.86	51427.32
11	17396930	C	A	7.222e-07	-0.0539	0.0109	5.264e-01	5.150e-01	5.294e-01	7748.57	14569.93	31172.72	55211.29
19	45798198	A	C	1.342e-06	0.0527	0.0109	4.624e-01	4.731e-01	4.596e-01	6545.20	14531.40	23525.64	54999.60
