#chrom	pos	ref	alt	pval	beta	sebeta	maf	maf_cases	maf_controls	n_hom_cases	n_het_cases	n_hom_controls	n_het_controls
1	219513098	C	T	1.787e-03	0.0507	0.0162	1.709e-01	1.765e-01	1.695e-01	10139.61	13880.76	37099.09	53303.71
1	39181366	G	A	1.360e-04	-0.0591	0.0155	2.610e-01	2.555e-01	2.624e-01	14677.07	11717.65	57451.27	43737.01
5	163508992	C	G	1.626e-01	-0.1868	0.1338	1.690e-03	1.493e-03	1.742e-03	85.76	3125.53	381.29	11785.49
5	52792437	G	A	5.039e-02	0.5135	0.2624	4.259e-04	5.707e-04	3.879e-04	32.78	1755.61	84.92	6379.96
5	65189412	T	C	9.378e-01	-0.0539	0.6903	6.764e-05	6.289e-05	6.889e-05	3.61	551.98	15.08	2080.72
6	132778989	C	T	2.045e-01	-0.0205	0.0162	1.814e-01	1.789e-01	1.820e-01	10276.04	13861.71	39841.55	52481.71
6	32168994	C	T	5.865e-01	-0.2000	0.3677	2.205e-04	2.030e-04	2.251e-04	11.66	1094.77	49.29	4143.23
6	32615274	C	T	9.982e-03	0.0459	0.0178	1.554e-01	1.586e-01	1.546e-01	9110.91	13965.28	33845.40	53805.92
6	7240344	A	T	7.332e-06	0.0941	0.0210	8.123e-02	8.577e-02	8.005e-02	4925.86	13868.14	17524.04	52496.59
7	130782095	A	G	8.919e-06	0.0751	0.0169	1.479e-01	1.543e-01	1.462e-01	8859.30	14096.22	32016.72	54304.98
7	28037651	T	G	6.308e-01	-0.2502	0.5206	1.267e-04	1.100e-04	1.310e-04	6.32	790.69	28.69	3319.99
7	28067886	C	T	6.496e-01	-0.2368	0.5212	1.254e-04	1.101e-04	1.294e-04	6.33	786.50	28.33	3282.24
8	2060836	TC	T	4.702e-01	0.0187	0.0259	5.043e-02	5.057e-02	5.040e-02	2904.40	12381.05	11033.04	46917.51
8	2060836	TC	T	4.702e-01	0.0187	0.0259	5.043e-02	5.057e-02	5.040e-02	2904.40	12381.05	11033.04	46917.51
8	78750234	A	G	4.291e-01	0.1990	0.2516	4.769e-04	5.581e-04	4.556e-04	32.05	1589.45	99.74	6110.62
9	22136441	G	C	5.236e-08	0.1580	0.0290	3.836e-02	4.241e-02	3.730e-02	2435.82	11840.47	8164.88	43144.63
10	112986029	G	A	2.635e-05	-0.1531	0.0364	2.489e-02	2.259e-02	2.549e-02	1297.61	9662.33	5581.21	38190.93
10	113320744	C	T	6.458e-01	-0.1595	0.3471	2.651e-04	2.261e-04	2.753e-04	12.99	1283.09	60.28	5180.76
10	12269466	G	A	1.905e-03	0.0544	0.0175	1.360e-01	1.396e-01	1.350e-01	8017.96	14152.22	29556.36	54481.05
10	12283059	T	C	1.776e-04	0.0762	0.0203	9.212e-02	9.590e-02	9.113e-02	5507.92	14018.93	19950.06	53316.53
10	12616744	C	G	1.366e-01	-0.0239	0.0161	1.846e-01	1.825e-01	1.851e-01	10483.10	13696.00	40527.33	51891.91
10	69692529	T	C	6.607e-04	-0.0557	0.0164	3.267e-01	3.222e-01	3.279e-01	18503.67	9159.72	71791.53	33566.36
11	117823677	A	G	5.087e-03	0.0634	0.0226	6.769e-02	7.008e-02	6.706e-02	4025.15	13459.71	14682.09	50691.07
11	17396930	C	A	1.738e-05	-0.0744	0.0173	1.386e-01	1.325e-01	1.402e-01	7610.98	14330.76	30689.02	54477.17
11	2708716	C	G	2.453e-01	0.0187	0.0161	1.896e-01	1.911e-01	1.892e-01	10978.42	13604.50	41421.64	51482.76
15	41736156	C	A	8.635e-02	-0.0275	0.0160	1.831e-01	1.814e-01	1.835e-01	10418.41	13724.46	40174.79	52211.01
16	244211	A	G	6.621e-02	-0.0619	0.0337	2.850e-02	2.727e-02	2.882e-02	1566.11	10234.93	6309.02	39448.51
17	17497321	G	GC	6.110e-02	-0.0290	0.0155	2.504e-01	2.475e-01	2.512e-01	14215.11	12003.38	54986.13	45109.38
17	37683650	C	T	5.651e-01	-0.0115	0.0200	9.500e-02	9.470e-02	9.508e-02	5439.07	13993.92	20815.02	53828.22
19	45798198	A	C	6.606e-05	0.0750	0.0188	1.073e-01	1.125e-01	1.059e-01	6460.76	14277.16	23190.11	54182.45
