#chrom	pos	ref	alt	pval	beta	sebeta	maf	maf_cases	maf_controls	n_hom_cases	n_het_cases	n_hom_controls	n_het_controls
1	219513098	C	T	9.164e-04	0.0540	0.0163	1.710e-01	1.765e-01	1.701e-01	10139.61	13880.76	61491.10	87954.27
1	39181366	G	A	1.235e-04	-0.0596	0.0155	2.610e-01	2.555e-01	2.619e-01	14677.07	11717.65	94665.70	72268.15
5	163508992	C	G	2.495e-01	-0.1565	0.1359	1.663e-03	1.493e-03	1.689e-03	85.76	3125.53	610.63	19382.19
5	52792437	G	A	2.911e-02	0.5789	0.2653	4.314e-04	5.707e-04	4.093e-04	32.78	1755.61	147.93	10434.57
5	65189412	T	C	6.913e-01	-0.2647	0.6666	5.970e-05	6.289e-05	5.920e-05	3.61	551.98	21.40	3429.51
6	132778989	C	T	2.277e-01	-0.0195	0.0162	1.818e-01	1.789e-01	1.822e-01	10276.04	13861.71	65866.23	86600.68
6	32168994	C	T	8.705e-01	-0.0618	0.3791	2.170e-04	2.030e-04	2.192e-04	11.66	1094.77	79.22	6942.97
6	32615274	C	T	5.147e-03	0.0499	0.0179	1.545e-01	1.586e-01	1.538e-01	9110.91	13965.28	55595.76	89112.05
6	7240344	A	T	1.957e-06	0.1002	0.0211	8.129e-02	8.577e-02	8.058e-02	4925.86	13868.14	29125.75	86609.94
7	130782095	A	G	8.104e-06	0.0756	0.0169	1.479e-01	1.543e-01	1.469e-01	8859.30	14096.22	53102.96	89406.83
7	28037651	T	G	8.042e-01	-0.1303	0.5256	1.314e-04	1.100e-04	1.348e-04	6.32	790.69	48.71	5352.31
7	28067886	C	T	8.559e-01	-0.0964	0.5310	1.292e-04	1.101e-04	1.322e-04	6.33	786.50	47.79	5299.10
8	2060836	TC	T	5.678e-01	0.0148	0.0259	5.066e-02	5.057e-02	5.068e-02	2904.40	12381.05	18316.96	77834.35
8	2060836	TC	T	5.678e-01	0.0148	0.0259	5.066e-02	5.057e-02	5.068e-02	2904.40	12381.05	18316.96	77834.35
8	78750234	A	G	3.088e-01	0.2574	0.2529	4.983e-04	5.581e-04	4.887e-04	32.05	1589.45	176.65	10247.33
9	22136441	G	C	3.056e-09	0.1729	0.0292	3.847e-02	4.241e-02	3.784e-02	2435.82	11840.47	13677.77	71710.29
10	112986029	G	A	3.593e-06	-0.1686	0.0364	2.519e-02	2.259e-02	2.560e-02	1297.61	9662.33	9253.44	62735.93
10	113320744	C	T	9.624e-01	0.0171	0.3630	2.537e-04	2.261e-04	2.581e-04	12.99	1283.09	93.29	8692.27
10	12269466	G	A	2.601e-04	0.0642	0.0176	1.360e-01	1.396e-01	1.354e-01	8017.96	14152.22	48931.43	90109.67
10	12283059	T	C	3.580e-04	0.0726	0.0204	9.220e-02	9.590e-02	9.162e-02	5507.92	14018.93	33113.78	87985.56
10	12616744	C	G	9.752e-02	-0.0267	0.0161	1.849e-01	1.825e-01	1.853e-01	10483.10	13696.00	66983.33	85656.18
10	69692529	T	C	3.430e-04	-0.0587	0.0164	3.269e-01	3.222e-01	3.277e-01	18503.67	9159.72	118430.54	55600.25
11	117823677	A	G	5.490e-03	0.0630	0.0227	6.802e-02	7.008e-02	6.769e-02	4025.15	13459.71	24465.24	83506.65
11	17396930	C	A	1.558e-05	-0.0750	0.0174	1.393e-01	1.325e-01	1.403e-01	7610.98	14330.76	50727.59	89921.98
11	2708716	C	G	2.423e-01	0.0188	0.0161	1.896e-01	1.911e-01	1.893e-01	10978.42	13604.50	68437.38	85067.52
15	41736156	C	A	1.172e-01	-0.0252	0.0161	1.828e-01	1.814e-01	1.830e-01	10418.41	13724.46	66151.60	86266.94
16	244211	A	G	2.949e-02	-0.0733	0.0337	2.843e-02	2.727e-02	2.861e-02	1566.11	10234.93	10340.99	65202.63
17	17497321	G	GC	8.086e-02	-0.0271	0.0155	2.506e-01	2.475e-01	2.511e-01	14215.11	12003.38	90766.70	74502.27
17	37683650	C	T	5.131e-01	-0.0131	0.0201	9.538e-02	9.470e-02	9.549e-02	5439.07	13993.92	34514.64	88557.92
19	45798198	A	C	8.886e-05	0.0738	0.0188	1.072e-01	1.125e-01	1.063e-01	6460.76	14277.16	38436.20	89798.90
