#chrom	pos	ref	alt	pval	beta	sebeta	maf	maf_cases	maf_controls	n_hom_cases	n_het_cases	n_hom_controls	n_het_controls
1	219513098	C	T	5.189e-05	0.0449	0.0111	5.850e-01	5.948e-01	5.824e-01	10139.61	13880.76	37099.09	53303.71
1	39181366	G	A	1.969e-05	-0.0522	0.0122	7.227e-01	7.151e-01	7.246e-01	14677.07	11717.65	57451.27	43737.01
6	7240344	A	T	5.525e-08	0.0607	0.0112	4.026e-01	4.130e-01	3.999e-01	4925.86	13868.14	17524.04	52496.59
7	130782095	A	G	2.243e-06	0.0518	0.0110	5.433e-01	5.539e-01	5.405e-01	8859.30	14096.22	32016.72	54304.98
9	22136441	G	C	9.699e-19	0.1080	0.0122	2.757e-01	2.910e-01	2.717e-01	2435.82	11840.47	8164.88	43144.63
10	112986029	G	A	6.147e-11	-0.0870	0.0133	2.229e-01	2.134e-01	2.254e-01	1297.61	9662.33	5581.21	38190.93
10	12283059	T	C	1.098e-05	0.0491	0.0112	4.279e-01	4.359e-01	4.258e-01	5507.92	14018.93	19950.06	53316.53
11	117823677	A	G	1.078e-04	0.0439	0.0113	3.675e-01	3.745e-01	3.657e-01	4025.15	13459.71	14682.09	50691.07
11	17396930	C	A	4.333e-07	-0.0553	0.0109	5.262e-01	5.146e-01	5.292e-01	7610.98	14330.76	30689.02	54477.17
19	45798198	A	C	2.960e-07	0.0562	0.0110	4.623e-01	4.736e-01	4.593e-01	6460.76	14277.16	23190.11	54182.45
