#chrom	pos	ref	alt	pval	beta	sebeta	maf	maf_cases	maf_controls	n_hom_cases	n_het_cases	n_hom_controls	n_het_controls
1	219513098	C	T	5.189e-05	0.0449	0.0111	5.850e-01	5.948e-01	5.824e-01	10139.61	13880.76	37099.09	53303.71
1	39181366	G	A	1.969e-05	-0.0522	0.0122	7.227e-01	7.151e-01	7.246e-01	14677.07	11717.65	57451.27	43737.01
5	163508992	C	G	6.064e-01	0.0121	0.0235	5.734e-02	5.741e-02	5.732e-02	85.76	3125.53	381.29	11785.49
5	52792437	G	A	1.769e-02	0.0755	0.0318	3.029e-02	3.171e-02	2.992e-02	32.78	1755.61	84.92	6379.96
5	65189412	T	C	8.755e-01	0.0088	0.0560	9.662e-03	9.736e-03	9.642e-03	3.61	551.98	15.08	2080.72
6	132778989	C	T	2.395e-01	-0.0132	0.0112	6.028e-01	5.992e-01	6.037e-01	10276.04	13861.71	39841.55	52481.71
6	32168994	C	T	7.713e-01	0.0116	0.0399	1.939e-02	1.947e-02	1.938e-02	11.66	1094.77	49.29	4143.23
6	32615274	C	T	4.107e-02	0.0246	0.0120	5.561e-01	5.604e-01	5.550e-01	9110.91	13965.28	33845.40	53805.92
6	7240344	A	T	5.525e-08	0.0607	0.0112	4.026e-01	4.130e-01	3.999e-01	4925.86	13868.14	17524.04	52496.59
7	130782095	A	G	2.243e-06	0.0518	0.0110	5.433e-01	5.539e-01	5.405e-01	8859.30	14096.22	32016.72	54304.98
7	28037651	T	G	2.893e-03	-0.1366	0.0459	1.513e-02	1.399e-02	1.543e-02	6.32	790.69	28.69	3319.99
7	28067886	C	T	5.585e-03	-0.1274	0.0460	1.497e-02	1.391e-02	1.525e-02	6.33	786.50	28.33	3282.24
8	2060836	TC	T	1.896e-01	0.0155	0.0118	3.154e-01	3.167e-01	3.151e-01	2904.40	12381.05	11033.04	46917.51
8	2060836	TC	T	1.896e-01	0.0155	0.0118	3.154e-01	3.167e-01	3.151e-01	2904.40	12381.05	11033.04	46917.51
8	78750234	A	G	8.862e-01	-0.0047	0.0330	2.882e-02	2.879e-02	2.882e-02	32.05	1589.45	99.74	6110.62
9	22136441	G	C	9.699e-19	0.1080	0.0122	2.757e-01	2.910e-01	2.717e-01	2435.82	11840.47	8164.88	43144.63
9	68430208	A	G	9.019e-01	0.0106	0.0861	4.467e-03	4.448e-03	4.472e-03	0.04	255.37	3.73	971.49
10	112986029	G	A	6.147e-11	-0.0870	0.0133	2.229e-01	2.134e-01	2.254e-01	1297.61	9662.33	5581.21	38190.93
10	113320744	C	T	1.392e-01	-0.0532	0.0360	2.392e-02	2.279e-02	2.422e-02	12.99	1283.09	60.28	5180.76
10	12269466	G	A	4.816e-03	0.0310	0.0110	5.203e-01	5.256e-01	5.189e-01	8017.96	14152.22	29556.36	54481.05
10	12283059	T	C	1.098e-05	0.0491	0.0112	4.279e-01	4.359e-01	4.258e-01	5507.92	14018.93	19950.06	53316.53
10	12616744	C	G	2.199e-01	-0.0137	0.0112	6.065e-01	6.035e-01	6.073e-01	10483.10	13696.00	40527.33	51891.91
10	69692529	T	C	1.058e-02	-0.0356	0.0139	8.081e-01	8.038e-01	8.092e-01	18503.67	9159.72	71791.53	33566.36
11	117823677	A	G	1.078e-04	0.0439	0.0113	3.675e-01	3.745e-01	3.657e-01	4025.15	13459.71	14682.09	50691.07
11	17396930	C	A	4.333e-07	-0.0553	0.0109	5.262e-01	5.146e-01	5.292e-01	7610.98	14330.76	30689.02	54477.17
11	2708716	C	G	1.745e-02	0.0268	0.0113	6.147e-01	6.192e-01	6.136e-01	10978.42	13604.50	41421.64	51482.76
11	73107249	T	C	4.382e-02	-0.1820	0.0903	3.870e-03	3.344e-03	4.008e-03	0.03	191.97	2.07	873.39
15	41736156	C	A	4.355e-02	-0.0225	0.0111	6.047e-01	6.018e-01	6.055e-01	10418.41	13724.46	40174.79	52211.01
16	244211	A	G	2.039e-02	-0.0299	0.0129	2.368e-01	2.327e-01	2.378e-01	1566.11	10234.93	6309.02	39448.51
17	17497321	G	GC	9.093e-02	-0.0203	0.0120	7.075e-01	7.040e-01	7.084e-01	14215.11	12003.38	54986.13	45109.38
17	37683650	C	T	9.588e-02	-0.0186	0.0112	4.354e-01	4.331e-01	4.360e-01	5439.07	13993.92	20815.02	53828.22
19	45798198	A	C	2.960e-07	0.0562	0.0110	4.623e-01	4.736e-01	4.593e-01	6460.76	14277.16	23190.11	54182.45
