#chrom	pos	ref	alt	pval	beta	sebeta	maf	maf_cases	maf_controls	n_hom_cases	n_het_cases	n_hom_controls	n_het_controls
1	219513098	C	T	3.016e-05	0.0464	0.0111	5.851e-01	5.948e-01	5.836e-01	10139.61	13880.76	61491.10	87954.27
1	39181366	G	A	2.345e-05	-0.0518	0.0123	7.226e-01	7.151e-01	7.238e-01	14677.07	11717.65	94665.70	72268.15
6	7240344	A	T	1.771e-08	0.0630	0.0112	4.025e-01	4.130e-01	4.008e-01	4925.86	13868.14	29125.75	86609.94
7	130782095	A	G	4.064e-07	0.0556	0.0110	5.429e-01	5.539e-01	5.412e-01	8859.30	14096.22	53102.96	89406.83
9	22136441	G	C	9.856e-20	0.1115	0.0123	2.764e-01	2.910e-01	2.741e-01	2435.82	11840.47	13677.77	71710.29
10	112986029	G	A	3.856e-12	-0.0925	0.0133	2.232e-01	2.134e-01	2.248e-01	1297.61	9662.33	9253.44	62735.93
10	12269466	G	A	1.399e-03	0.0352	0.0110	5.208e-01	5.256e-01	5.201e-01	8017.96	14152.22	48931.43	90109.67
10	12283059	T	C	1.035e-05	0.0494	0.0112	4.279e-01	4.359e-01	4.267e-01	5507.92	14018.93	33113.78	87985.56
11	117823677	A	G	3.012e-04	0.0411	0.0114	3.675e-01	3.745e-01	3.664e-01	4025.15	13459.71	24465.24	83506.65
11	17396930	C	A	1.177e-07	-0.0581	0.0110	5.274e-01	5.146e-01	5.295e-01	7610.98	14330.76	50727.59	89921.98
19	45798198	A	C	1.114e-06	0.0535	0.0110	4.628e-01	4.736e-01	4.611e-01	6460.76	14277.16	38436.20	89798.90
