#chrom	pos	ref	alt	pval	beta	sebeta	maf	maf_cases	maf_controls	n_hom_cases	n_het_cases	n_hom_controls	n_het_controls
1	219513098	C	T	5.910e-03	0.0366	0.0133	5.844e-01	5.937e-01	5.836e-01	6098.94	8306.42	62848.75	89962.62
1	39181366	G	A	7.695e-06	-0.0656	0.0147	7.228e-01	7.117e-01	7.238e-01	8682.74	7213.35	96808.53	73886.00
5	163508992	C	G	5.225e-01	0.0180	0.0282	5.703e-02	5.772e-02	5.697e-02	58.85	1875.87	621.64	19810.19
5	52792437	G	A	1.609e-01	0.0538	0.0383	2.977e-02	3.112e-02	2.965e-02	15.75	1043.40	153.93	10647.67
5	65189412	T	C	2.995e-01	-0.0702	0.0677	9.553e-03	9.063e-03	9.599e-03	1.00	311.00	21.40	3504.56
6	132778989	C	T	7.447e-01	-0.0044	0.0134	6.038e-01	6.015e-01	6.041e-01	6223.07	8328.74	67357.35	88518.22
6	32168994	C	T	6.397e-03	0.1292	0.0474	2.004e-02	2.145e-02	1.991e-02	5.16	730.62	79.22	7199.65
6	32615274	C	T	2.140e-15	0.1143	0.0144	5.578e-01	5.731e-01	5.564e-01	5752.15	8288.34	57299.62	91004.92
6	7240344	A	T	1.135e-08	0.0764	0.0134	4.021e-01	4.150e-01	4.009e-01	2991.36	8348.78	29805.89	88526.21
7	130782095	A	G	2.438e-03	0.0398	0.0131	5.417e-01	5.497e-01	5.410e-01	5205.73	8573.87	54262.84	91389.63
7	28037651	T	G	7.926e-02	-0.0955	0.0544	1.503e-02	1.461e-02	1.507e-02	4.66	495.29	49.10	5469.47
7	28067886	C	T	1.025e-01	-0.0891	0.0546	1.488e-02	1.453e-02	1.491e-02	4.66	492.45	48.14	5415.50
8	2060836	TC	T	1.567e-01	0.0200	0.0141	3.169e-01	3.179e-01	3.168e-01	1732.94	7512.62	18745.08	79574.22
8	2060836	TC	T	1.567e-01	0.0200	0.0141	3.169e-01	3.179e-01	3.168e-01	1732.94	7512.62	18745.08	79574.22
8	78750234	A	G	1.564e-01	-0.0558	0.0394	2.924e-02	2.790e-02	2.936e-02	14.20	935.08	183.14	10484.59
9	22136441	G	C	6.143e-13	0.1056	0.0147	2.756e-01	2.909e-01	2.742e-01	1467.17	7113.71	13975.62	73369.16
9	68430208	A	G	2.848e-01	0.1091	0.1020	4.519e-03	4.780e-03	4.494e-03	1.00	163.07	4.67	1651.62
10	112986029	G	A	1.548e-08	-0.0898	0.0159	2.238e-01	2.135e-01	2.247e-01	806.28	5760.56	9452.65	64138.48
10	113320744	C	T	1.286e-01	-0.0655	0.0431	2.434e-02	2.243e-02	2.452e-02	6.99	760.82	93.29	8875.79
10	12269466	G	A	7.771e-03	0.0351	0.0132	5.206e-01	5.262e-01	5.200e-01	4787.51	8597.80	50000.40	92181.48
10	12283059	T	C	1.950e-03	0.0414	0.0134	4.272e-01	4.356e-01	4.264e-01	3338.44	8368.21	33812.12	89971.32
10	12616744	C	G	4.718e-01	-0.0096	0.0134	6.073e-01	6.038e-01	6.076e-01	6323.57	8205.02	68483.44	87570.55
10	69692529	T	C	3.510e-02	-0.0352	0.0167	8.088e-01	8.040e-01	8.092e-01	11134.73	5497.98	121120.83	56804.05
11	117823677	A	G	2.743e-03	0.0408	0.0136	3.672e-01	3.748e-01	3.665e-01	2411.51	8122.29	24996.47	85433.77
11	17396930	C	A	1.745e-05	-0.0563	0.0131	5.279e-01	5.134e-01	5.293e-01	4545.68	8639.83	51828.64	91944.51
11	2708716	C	G	1.424e-01	0.0198	0.0135	6.143e-01	6.162e-01	6.142e-01	6500.76	8279.30	70000.58	86968.08
11	73107249	T	C	2.122e-02	-0.2510	0.1089	3.980e-03	3.134e-03	4.059e-03	0.00	108.25	2.26	1495.62
15	41736156	C	A	2.198e-02	-0.0306	0.0134	6.043e-01	5.999e-01	6.047e-01	6235.56	8246.27	67652.22	88154.63
16	244211	A	G	2.242e-01	-0.0187	0.0154	2.373e-01	2.351e-01	2.375e-01	940.20	6239.61	10565.01	66622.96
17	17497321	G	GC	1.068e-01	-0.0232	0.0144	7.081e-01	7.045e-01	7.084e-01	8539.56	7252.51	92818.91	76159.44
17	37683650	C	T	1.132e-01	-0.0211	0.0134	4.353e-01	4.304e-01	4.357e-01	3218.91	8425.09	35255.79	90507.85
19	45798198	A	C	3.320e-04	0.0471	0.0131	4.619e-01	4.709e-01	4.610e-01	3845.17	8572.56	39307.81	91767.25
