#chrom	pos	ref	alt	pval	beta	sebeta	maf	maf_cases	maf_controls	n_hom_cases	n_het_cases	n_hom_controls	n_het_controls
1	39181366	G	A	3.024e-06	-0.0686	0.0147	7.231e-01	7.117e-01	7.248e-01	8682.74	7213.35	58292.32	44322.95
6	32615274	C	T	4.214e-14	0.1090	0.0144	5.578e-01	5.731e-01	5.554e-01	5752.15	8288.34	34368.89	54554.29
6	7240344	A	T	2.223e-08	0.0750	0.0134	4.020e-01	4.150e-01	4.000e-01	2991.36	8348.78	17790.94	53204.59
9	22136441	G	C	1.710e-12	0.1036	0.0147	2.743e-01	2.909e-01	2.717e-01	1467.17	7113.71	8281.21	43751.05
10	112986029	G	A	1.043e-07	-0.0847	0.0159	2.238e-01	2.135e-01	2.254e-01	806.28	5760.56	5657.36	38716.75
10	12283059	T	C	1.264e-03	0.0432	0.0134	4.270e-01	4.356e-01	4.257e-01	3338.44	8368.21	20209.72	54081.95
11	117823677	A	G	1.298e-03	0.0438	0.0136	3.669e-01	3.748e-01	3.657e-01	2411.51	8122.29	14876.72	51420.03
11	17396930	C	A	3.190e-05	-0.0546	0.0131	5.270e-01	5.134e-01	5.291e-01	4545.68	8639.83	31113.40	55230.94
19	45798198	A	C	2.242e-04	0.0485	0.0132	4.609e-01	4.709e-01	4.594e-01	3845.17	8572.56	23533.55	54910.19
