#chrom	pos	ref	alt	pval	beta	sebeta	maf	maf_cases	maf_controls	n_hom_cases	n_het_cases	n_hom_controls	n_het_controls
1	39181366	G	A	1.360e-04	-0.0591	0.0155	2.610e-01	2.555e-01	2.624e-01	14677.07	11717.65	57451.27	43737.01
6	7240344	A	T	7.332e-06	0.0941	0.0210	8.123e-02	8.577e-02	8.005e-02	4925.86	13868.14	17524.04	52496.59
7	130782095	A	G	8.919e-06	0.0751	0.0169	1.479e-01	1.543e-01	1.462e-01	8859.30	14096.22	32016.72	54304.98
9	22136441	G	C	5.236e-08	0.1580	0.0290	3.836e-02	4.241e-02	3.730e-02	2435.82	11840.47	8164.88	43144.63
10	112986029	G	A	2.635e-05	-0.1531	0.0364	2.489e-02	2.259e-02	2.549e-02	1297.61	9662.33	5581.21	38190.93
10	12283059	T	C	1.776e-04	0.0762	0.0203	9.212e-02	9.590e-02	9.113e-02	5507.92	14018.93	19950.06	53316.53
10	69692529	T	C	6.607e-04	-0.0557	0.0164	3.267e-01	3.222e-01	3.279e-01	18503.67	9159.72	71791.53	33566.36
11	17396930	C	A	1.738e-05	-0.0744	0.0173	1.386e-01	1.325e-01	1.402e-01	7610.98	14330.76	30689.02	54477.17
19	45798198	A	C	6.606e-05	0.0750	0.0188	1.073e-01	1.125e-01	1.059e-01	6460.76	14277.16	23190.11	54182.45
