#chrom	pos	ref	alt	pval	beta	sebeta	maf	maf_cases	maf_controls	n_hom_cases	n_het_cases	n_hom_controls	n_het_controls
1	219513098	C	T	6.457e-04	0.0551	0.0161	1.709e-01	1.769e-01	1.694e-01	10326.96	14077.42	37611.74	54095.11
1	39181366	G	A	1.026e-04	-0.0598	0.0154	2.610e-01	2.555e-01	2.625e-01	14918.16	11908.69	58289.66	44359.41
5	163508992	C	G	9.828e-02	-0.2205	0.1334	1.680e-03	1.452e-03	1.740e-03	84.76	3175.83	386.29	11955.01
5	52792437	G	A	5.945e-02	0.4855	0.2576	4.339e-04	5.786e-04	3.959e-04	33.78	1770.37	87.92	6490.11
5	65189412	T	C	8.252e-01	-0.1481	0.6705	7.022e-05	6.186e-05	7.242e-05	3.61	562.99	16.08	2105.55
6	132778989	C	T	9.838e-02	-0.0265	0.0161	1.813e-01	1.784e-01	1.820e-01	10414.72	14104.93	40422.69	53248.82
6	32168994	C	T	5.201e-01	-0.2345	0.3645	2.209e-04	1.997e-04	2.264e-04	11.66	1119.46	50.29	4185.84
6	32615274	C	T	1.272e-02	0.0441	0.0177	1.553e-01	1.581e-01	1.546e-01	9232.71	14222.37	34323.06	54574.17
6	7240344	A	T	1.059e-05	0.0919	0.0209	8.117e-02	8.562e-02	7.999e-02	4999.13	14129.38	17763.90	53261.89
7	130782095	A	G	3.045e-06	0.0784	0.0168	1.479e-01	1.545e-01	1.462e-01	9019.44	14329.87	32458.27	55097.25
7	28037651	T	G	6.311e-01	-0.2503	0.5213	1.252e-04	1.082e-04	1.297e-04	6.32	797.74	28.80	3369.22
7	28067886	C	T	6.519e-01	-0.2355	0.5220	1.239e-04	1.083e-04	1.280e-04	6.33	793.65	28.42	3330.96
8	2060836	TC	T	5.786e-01	0.0143	0.0258	5.040e-02	5.039e-02	5.040e-02	2942.04	12606.38	11191.52	47590.01
8	2060836	TC	T	5.786e-01	0.0143	0.0258	5.040e-02	5.039e-02	5.040e-02	2942.04	12606.38	11191.52	47590.01
8	78750234	A	G	5.386e-01	0.1536	0.2497	4.770e-04	5.488e-04	4.582e-04	32.04	1621.04	101.74	6208.38
9	22136441	G	C	1.921e-07	0.1504	0.0289	3.828e-02	4.212e-02	3.727e-02	2459.40	12065.32	8276.67	43726.27
10	112986029	G	A	1.357e-05	-0.1578	0.0363	2.484e-02	2.245e-02	2.547e-02	1310.67	9815.65	5655.43	38729.03
10	113320744	C	T	8.113e-01	-0.0820	0.3435	2.648e-04	2.396e-04	2.714e-04	13.99	1320.59	60.28	5246.36
10	12269466	G	A	2.052e-03	0.0537	0.0174	1.361e-01	1.397e-01	1.351e-01	8154.66	14359.14	30004.00	55252.11
10	12283059	T	C	1.534e-04	0.0764	0.0202	9.222e-02	9.602e-02	9.122e-02	5606.10	14241.09	20256.86	54065.38
10	12616744	C	G	1.515e-01	-0.0229	0.0160	1.847e-01	1.830e-01	1.852e-01	10683.01	13913.04	41128.22	52613.95
10	69692529	T	C	1.467e-03	-0.0517	0.0163	3.268e-01	3.226e-01	3.279e-01	18833.73	9278.13	72817.91	34058.84
11	117823677	A	G	5.100e-03	0.0631	0.0225	6.766e-02	6.997e-02	6.705e-02	4085.14	13674.43	14888.86	51427.32
11	17396930	C	A	1.624e-05	-0.0742	0.0172	1.388e-01	1.327e-01	1.404e-01	7748.57	14569.93	31172.72	55211.29
11	2708716	C	G	1.558e-01	0.0227	0.0160	1.895e-01	1.914e-01	1.890e-01	11173.01	13821.97	41976.73	52247.84
15	41736156	C	A	1.096e-01	-0.0255	0.0159	1.831e-01	1.816e-01	1.836e-01	10600.49	13922.95	40762.81	52973.87
16	244211	A	G	7.900e-02	-0.0589	0.0335	2.842e-02	2.725e-02	2.872e-02	1591.30	10388.94	6378.24	40012.80
17	17497321	G	GC	6.398e-02	-0.0285	0.0154	2.502e-01	2.474e-01	2.510e-01	14446.78	12204.74	55730.60	45811.78
17	37683650	C	T	5.417e-01	-0.0122	0.0199	9.490e-02	9.460e-02	9.498e-02	5523.47	14228.99	21091.87	54645.78
19	45798198	A	C	2.327e-04	0.0688	0.0187	1.072e-01	1.121e-01	1.059e-01	6545.20	14531.40	23525.64	54999.60
