#chrom	pos	ref	alt	pval	beta	sebeta	maf	maf_cases	maf_controls	n_hom_cases	n_het_cases	n_hom_controls	n_het_controls
1	219513098	C	T	9.164e-04	0.0540	0.0163	1.710e-01	1.765e-01	1.701e-01	10139.61	13880.76	61491.10	87954.27
1	39181366	G	A	1.235e-04	-0.0596	0.0155	2.610e-01	2.555e-01	2.619e-01	14677.07	11717.65	94665.70	72268.15
6	7240344	A	T	1.957e-06	0.1002	0.0211	8.129e-02	8.577e-02	8.058e-02	4925.86	13868.14	29125.75	86609.94
7	130782095	A	G	8.104e-06	0.0756	0.0169	1.479e-01	1.543e-01	1.469e-01	8859.30	14096.22	53102.96	89406.83
9	22136441	G	C	3.056e-09	0.1729	0.0292	3.847e-02	4.241e-02	3.784e-02	2435.82	11840.47	13677.77	71710.29
10	112986029	G	A	3.593e-06	-0.1686	0.0364	2.519e-02	2.259e-02	2.560e-02	1297.61	9662.33	9253.44	62735.93
10	12269466	G	A	2.601e-04	0.0642	0.0176	1.360e-01	1.396e-01	1.354e-01	8017.96	14152.22	48931.43	90109.67
10	12283059	T	C	3.580e-04	0.0726	0.0204	9.220e-02	9.590e-02	9.162e-02	5507.92	14018.93	33113.78	87985.56
10	69692529	T	C	3.430e-04	-0.0587	0.0164	3.269e-01	3.222e-01	3.277e-01	18503.67	9159.72	118430.54	55600.25
11	17396930	C	A	1.558e-05	-0.0750	0.0174	1.393e-01	1.325e-01	1.403e-01	7610.98	14330.76	50727.59	89921.98
19	45798198	A	C	8.886e-05	0.0738	0.0188	1.072e-01	1.125e-01	1.063e-01	6460.76	14277.16	38436.20	89798.90
