#chrom	pos	ref	alt	pval	beta	sebeta	maf	maf_cases	maf_controls	n_hom_cases	n_het_cases	n_hom_controls	n_het_controls
1	219513098	C	T	1.542e-02	0.0472	0.0195	1.704e-01	1.766e-01	1.694e-01	6098.94	8306.42	37613.74	54068.06
1	39181366	G	A	2.063e-07	-0.0966	0.0186	2.611e-01	2.514e-01	2.626e-01	8682.74	7213.35	58292.32	44322.95
5	163508992	C	G	9.509e-01	0.0098	0.1591	1.724e-03	1.704e-03	1.727e-03	58.85	1875.87	383.29	11949.75
5	52792437	G	A	6.439e-01	0.1509	0.3265	4.041e-04	4.560e-04	3.961e-04	15.75	1043.40	87.92	6456.96
5	65189412	T	C	4.588e-01	-0.6644	0.8969	6.269e-05	2.896e-05	6.794e-05	1.00	311.00	15.08	2099.73
6	132778989	C	T	4.665e-01	-0.0141	0.0194	1.818e-01	1.802e-01	1.820e-01	6223.07	8328.74	40404.54	53231.17
6	32168994	C	T	3.813e-01	-0.4027	0.4599	2.122e-04	1.494e-04	2.220e-04	5.16	730.62	49.29	4203.80
6	32615274	C	T	2.414e-13	0.1564	0.0214	1.564e-01	1.666e-01	1.548e-01	5752.15	8288.34	34368.89	54554.29
6	7240344	A	T	6.691e-06	0.1137	0.0253	8.102e-02	8.662e-02	8.014e-02	2991.36	8348.78	17790.94	53204.59
7	130782095	A	G	4.652e-02	0.0405	0.0203	1.467e-01	1.507e-01	1.461e-01	5205.73	8573.87	32426.35	55068.34
7	28037651	T	G	9.227e-01	-0.0588	0.6058	1.315e-04	1.349e-04	1.310e-04	4.66	495.29	29.07	3364.95
7	28067886	C	T	9.348e-01	-0.0496	0.6064	1.300e-04	1.350e-04	1.292e-04	4.66	492.45	28.68	3327.44
8	2060836	TC	T	7.058e-01	0.0118	0.0311	5.039e-02	5.018e-02	5.042e-02	1732.94	7512.62	11193.70	47582.18
8	2060836	TC	T	7.058e-01	0.0118	0.0311	5.039e-02	5.018e-02	5.042e-02	1732.94	7512.62	11193.70	47582.18
8	78750234	A	G	4.131e-01	-0.2514	0.3072	4.575e-04	4.111e-04	4.647e-04	14.20	935.08	103.16	6202.53
9	22136441	G	C	3.978e-05	0.1433	0.0349	3.800e-02	4.248e-02	3.730e-02	1467.17	7113.71	8281.21	43751.05
10	112986029	G	A	1.202e-02	-0.1089	0.0434	2.520e-02	2.335e-02	2.548e-02	806.28	5760.56	5657.36	38716.75
10	113320744	C	T	5.693e-01	-0.2421	0.4254	2.622e-04	2.023e-04	2.715e-04	6.99	760.82	60.28	5238.28
10	12269466	G	A	4.906e-02	0.0414	0.0210	1.355e-01	1.386e-01	1.350e-01	4787.51	8597.80	29971.63	55266.01
10	12283059	T	C	6.359e-04	0.0834	0.0244	9.180e-02	9.667e-02	9.104e-02	3338.44	8368.21	20209.72	54081.95
10	12616744	C	G	6.265e-01	-0.0094	0.0193	1.849e-01	1.831e-01	1.852e-01	6323.57	8205.02	41107.58	52591.35
10	69692529	T	C	1.241e-02	-0.0491	0.0196	3.272e-01	3.224e-01	3.280e-01	11134.73	5497.98	72811.16	34012.21
11	117823677	A	G	3.319e-02	0.0580	0.0272	6.739e-02	6.983e-02	6.702e-02	2411.51	8122.29	14876.72	51420.03
11	17396930	C	A	1.275e-04	-0.0796	0.0208	1.390e-01	1.316e-01	1.402e-01	4545.68	8639.83	31113.40	55230.94
11	2708716	C	G	9.029e-01	-0.0024	0.0193	1.891e-01	1.882e-01	1.892e-01	6500.76	8279.30	42005.63	52201.84
15	41736156	C	A	6.441e-02	-0.0355	0.0192	1.831e-01	1.806e-01	1.835e-01	6235.56	8246.27	40728.19	52959.13
16	244211	A	G	1.622e-01	-0.0565	0.0404	2.856e-02	2.722e-02	2.877e-02	940.20	6239.61	6386.40	39988.53
17	17497321	G	GC	3.567e-02	-0.0390	0.0186	2.507e-01	2.473e-01	2.513e-01	8539.56	7252.51	55778.16	45713.24
17	37683650	C	T	2.738e-01	-0.0263	0.0240	9.472e-02	9.320e-02	9.495e-02	3218.91	8425.09	21078.71	54577.04
19	45798198	A	C	4.450e-03	0.0643	0.0226	1.067e-01	1.113e-01	1.060e-01	3845.17	8572.56	23533.55	54910.19
