#chrom	pos	ref	alt	pval	beta	sebeta	maf	maf_cases	maf_controls	n_hom_cases	n_het_cases	n_hom_controls	n_het_controls
1	219513098	C	T	3.016e-05	0.0464	0.0111	5.851e-01	5.948e-01	5.836e-01	10139.61	13880.76	61491.10	87954.27
1	39181366	G	A	2.345e-05	-0.0518	0.0123	7.226e-01	7.151e-01	7.238e-01	14677.07	11717.65	94665.70	72268.15
5	163508992	C	G	4.642e-01	0.0173	0.0236	5.706e-02	5.741e-02	5.700e-02	85.76	3125.53	610.63	19382.19
5	52792437	G	A	1.213e-02	0.0802	0.0320	2.996e-02	3.171e-02	2.969e-02	32.78	1755.61	147.93	10434.57
5	65189412	T	C	9.810e-01	0.0013	0.0560	9.625e-03	9.736e-03	9.607e-03	3.61	551.98	21.40	3429.51
6	132778989	C	T	2.716e-01	-0.0124	0.0112	6.034e-01	5.992e-01	6.041e-01	10276.04	13861.71	65866.23	86600.68
6	32168994	C	T	6.479e-01	0.0183	0.0400	1.962e-02	1.947e-02	1.965e-02	11.66	1094.77	79.22	6942.97
6	32615274	C	T	2.814e-02	0.0265	0.0121	5.550e-01	5.604e-01	5.542e-01	9110.91	13965.28	55595.76	89112.05
6	7240344	A	T	1.771e-08	0.0630	0.0112	4.025e-01	4.130e-01	4.008e-01	4925.86	13868.14	29125.75	86609.94
7	130782095	A	G	4.064e-07	0.0556	0.0110	5.429e-01	5.539e-01	5.412e-01	8859.30	14096.22	53102.96	89406.83
7	28037651	T	G	3.734e-03	-0.1337	0.0461	1.493e-02	1.399e-02	1.508e-02	6.32	790.69	48.71	5352.31
7	28067886	C	T	7.014e-03	-0.1246	0.0462	1.479e-02	1.391e-02	1.493e-02	6.33	786.50	47.79	5299.10
8	2060836	TC	T	2.973e-01	0.0123	0.0118	3.167e-01	3.167e-01	3.167e-01	2904.40	12381.05	18316.96	77834.35
8	2060836	TC	T	2.973e-01	0.0123	0.0118	3.167e-01	3.167e-01	3.167e-01	2904.40	12381.05	18316.96	77834.35
8	78750234	A	G	9.410e-01	0.0024	0.0330	2.925e-02	2.879e-02	2.933e-02	32.05	1589.45	176.65	10247.33
9	22136441	G	C	9.856e-20	0.1115	0.0123	2.764e-01	2.910e-01	2.741e-01	2435.82	11840.47	13677.77	71710.29
9	68430208	A	G	9.527e-01	0.0051	0.0861	4.480e-03	4.448e-03	4.485e-03	0.04	255.37	4.67	1611.86
10	112986029	G	A	3.856e-12	-0.0925	0.0133	2.232e-01	2.134e-01	2.248e-01	1297.61	9662.33	9253.44	62735.93
10	113320744	C	T	7.631e-02	-0.0637	0.0360	2.432e-02	2.279e-02	2.456e-02	12.99	1283.09	93.29	8692.27
10	12269466	G	A	1.399e-03	0.0352	0.0110	5.208e-01	5.256e-01	5.201e-01	8017.96	14152.22	48931.43	90109.67
10	12283059	T	C	1.035e-05	0.0494	0.0112	4.279e-01	4.359e-01	4.267e-01	5507.92	14018.93	33113.78	87985.56
10	12616744	C	G	1.286e-01	-0.0170	0.0112	6.071e-01	6.035e-01	6.076e-01	10483.10	13696.00	66983.33	85656.18
10	69692529	T	C	4.804e-03	-0.0395	0.0140	8.084e-01	8.038e-01	8.091e-01	18503.67	9159.72	118430.54	55600.25
11	117823677	A	G	3.012e-04	0.0411	0.0114	3.675e-01	3.745e-01	3.664e-01	4025.15	13459.71	24465.24	83506.65
11	17396930	C	A	1.177e-07	-0.0581	0.0110	5.274e-01	5.146e-01	5.295e-01	7610.98	14330.76	50727.59	89921.98
11	2708716	C	G	1.376e-02	0.0279	0.0113	6.147e-01	6.192e-01	6.140e-01	10978.42	13604.50	68437.38	85067.52
11	73107249	T	C	3.816e-02	-0.1873	0.0903	3.972e-03	3.344e-03	4.071e-03	0.03	191.97	2.26	1467.06
15	41736156	C	A	6.361e-02	-0.0207	0.0112	6.043e-01	6.018e-01	6.047e-01	10418.41	13724.46	66151.60	86266.94
16	244211	A	G	1.100e-02	-0.0328	0.0129	2.369e-01	2.327e-01	2.376e-01	1566.11	10234.93	10340.99	65202.63
17	17497321	G	GC	1.306e-01	-0.0182	0.0120	7.078e-01	7.040e-01	7.084e-01	14215.11	12003.38	90766.70	74502.27
17	37683650	C	T	1.577e-01	-0.0158	0.0112	4.356e-01	4.331e-01	4.360e-01	5439.07	13993.92	34514.64	88557.92
19	45798198	A	C	1.114e-06	0.0535	0.0110	4.628e-01	4.736e-01	4.611e-01	6460.76	14277.16	38436.20	89798.90
