#chrom	pos	ref	alt	pval	beta	sebeta	maf	maf_cases	maf_controls	n_hom_cases	n_het_cases	n_hom_controls	n_het_controls
1	219513098	C	T	7.761e-03	0.0354	0.0133	5.840e-01	5.937e-01	5.824e-01	6098.94	8306.42	37613.74	54068.06
1	39181366	G	A	3.024e-06	-0.0686	0.0147	7.231e-01	7.117e-01	7.248e-01	8682.74	7213.35	58292.32	44322.95
5	163508992	C	G	5.419e-01	0.0172	0.0282	5.734e-02	5.772e-02	5.728e-02	58.85	1875.87	383.29	11949.75
5	52792437	G	A	1.790e-01	0.0516	0.0384	3.005e-02	3.112e-02	2.988e-02	15.75	1043.40	87.92	6456.96
5	65189412	T	C	3.824e-01	-0.0594	0.0681	9.523e-03	9.063e-03	9.595e-03	1.00	311.00	15.08	2099.73
6	132778989	C	T	6.289e-01	-0.0065	0.0135	6.035e-01	6.015e-01	6.038e-01	6223.07	8328.74	40404.54	53231.17
6	32168994	C	T	1.204e-02	0.1189	0.0474	1.966e-02	2.145e-02	1.938e-02	5.16	730.62	49.29	4203.80
6	32615274	C	T	4.214e-14	0.1090	0.0144	5.578e-01	5.731e-01	5.554e-01	5752.15	8288.34	34368.89	54554.29
6	7240344	A	T	2.223e-08	0.0750	0.0134	4.020e-01	4.150e-01	4.000e-01	2991.36	8348.78	17790.94	53204.59
7	130782095	A	G	4.849e-03	0.0371	0.0132	5.415e-01	5.497e-01	5.402e-01	5205.73	8573.87	32426.35	55068.34
7	28037651	T	G	6.671e-02	-0.0996	0.0543	1.531e-02	1.461e-02	1.542e-02	4.66	495.29	29.07	3364.95
7	28067886	C	T	8.946e-02	-0.0925	0.0545	1.515e-02	1.453e-02	1.525e-02	4.66	492.45	28.68	3327.44
8	2060836	TC	T	1.029e-01	0.0231	0.0142	3.156e-01	3.179e-01	3.152e-01	1732.94	7512.62	11193.70	47582.18
8	2060836	TC	T	1.029e-01	0.0231	0.0142	3.156e-01	3.179e-01	3.152e-01	1732.94	7512.62	11193.70	47582.18
8	78750234	A	G	1.759e-01	-0.0535	0.0396	2.874e-02	2.790e-02	2.887e-02	14.20	935.08	103.16	6202.53
9	22136441	G	C	1.710e-12	0.1036	0.0147	2.743e-01	2.909e-01	2.717e-01	1467.17	7113.71	8281.21	43751.05
9	68430208	A	G	2.517e-01	0.1175	0.1025	4.513e-03	4.780e-03	4.471e-03	1.00	163.07	3.73	985.05
10	112986029	G	A	1.043e-07	-0.0847	0.0159	2.238e-01	2.135e-01	2.254e-01	806.28	5760.56	5657.36	38716.75
10	113320744	C	T	1.809e-01	-0.0579	0.0433	2.391e-02	2.243e-02	2.414e-02	6.99	760.82	60.28	5238.28
10	12269466	G	A	1.670e-02	0.0316	0.0132	5.200e-01	5.262e-01	5.190e-01	4787.51	8597.80	29971.63	55266.01
10	12283059	T	C	1.264e-03	0.0432	0.0134	4.270e-01	4.356e-01	4.257e-01	3338.44	8368.21	20209.72	54081.95
10	12616744	C	G	6.382e-01	-0.0063	0.0134	6.068e-01	6.038e-01	6.073e-01	6323.57	8205.02	41107.58	52591.35
10	69692529	T	C	6.398e-02	-0.0310	0.0167	8.085e-01	8.040e-01	8.092e-01	11134.73	5497.98	72811.16	34012.21
11	117823677	A	G	1.298e-03	0.0438	0.0136	3.669e-01	3.748e-01	3.657e-01	2411.51	8122.29	14876.72	51420.03
11	17396930	C	A	3.190e-05	-0.0546	0.0131	5.270e-01	5.134e-01	5.291e-01	4545.68	8639.83	31113.40	55230.94
11	2708716	C	G	1.936e-01	0.0176	0.0135	6.140e-01	6.162e-01	6.136e-01	6500.76	8279.30	42005.63	52201.84
11	73107249	T	C	1.997e-02	-0.2536	0.1090	3.884e-03	3.134e-03	4.001e-03	0.00	108.25	2.07	884.05
15	41736156	C	A	1.529e-02	-0.0325	0.0134	6.048e-01	5.999e-01	6.055e-01	6235.56	8246.27	40728.19	52959.13
16	244211	A	G	2.846e-01	-0.0166	0.0155	2.373e-01	2.351e-01	2.377e-01	940.20	6239.61	6386.40	39988.53
17	17497321	G	GC	1.017e-01	-0.0236	0.0144	7.079e-01	7.045e-01	7.085e-01	8539.56	7252.51	55778.16	45713.24
17	37683650	C	T	6.138e-02	-0.0250	0.0134	4.350e-01	4.304e-01	4.358e-01	3218.91	8425.09	21078.71	54577.04
19	45798198	A	C	2.242e-04	0.0485	0.0132	4.609e-01	4.709e-01	4.594e-01	3845.17	8572.56	23533.55	54910.19
