#chrom	pos	ref	alt	pval	beta	sebeta	maf	maf_cases	maf_controls	n_hom_cases	n_het_cases	n_hom_controls	n_het_controls
1	219513098	C	T	6.457e-04	0.0551	0.0161	1.709e-01	1.769e-01	1.694e-01	10326.96	14077.42	37611.74	54095.11
1	39181366	G	A	1.026e-04	-0.0598	0.0154	2.610e-01	2.555e-01	2.625e-01	14918.16	11908.69	58289.66	44359.41
6	7240344	A	T	1.059e-05	0.0919	0.0209	8.117e-02	8.562e-02	7.999e-02	4999.13	14129.38	17763.90	53261.89
7	130782095	A	G	3.045e-06	0.0784	0.0168	1.479e-01	1.545e-01	1.462e-01	9019.44	14329.87	32458.27	55097.25
9	22136441	G	C	1.921e-07	0.1504	0.0289	3.828e-02	4.212e-02	3.727e-02	2459.40	12065.32	8276.67	43726.27
10	112986029	G	A	1.357e-05	-0.1578	0.0363	2.484e-02	2.245e-02	2.547e-02	1310.67	9815.65	5655.43	38729.03
10	12283059	T	C	1.534e-04	0.0764	0.0202	9.222e-02	9.602e-02	9.122e-02	5606.10	14241.09	20256.86	54065.38
10	69692529	T	C	1.467e-03	-0.0517	0.0163	3.268e-01	3.226e-01	3.279e-01	18833.73	9278.13	72817.91	34058.84
11	17396930	C	A	1.624e-05	-0.0742	0.0172	1.388e-01	1.327e-01	1.404e-01	7748.57	14569.93	31172.72	55211.29
19	45798198	A	C	2.327e-04	0.0688	0.0187	1.072e-01	1.121e-01	1.059e-01	6545.20	14531.40	23525.64	54999.60
