#chrom	pos	ref	alt	pval	beta	sebeta	maf	maf_cases	maf_controls	n_hom_cases	n_het_cases	n_hom_controls	n_het_controls
1	219513098	C	T	3.990e-05	0.0453	0.0110	5.849e-01	5.949e-01	5.823e-01	10326.96	14077.42	37611.74	54095.11
1	39181366	G	A	1.118e-05	-0.0534	0.0122	7.227e-01	7.150e-01	7.247e-01	14918.16	11908.69	58289.66	44359.41
5	163508992	C	G	6.577e-01	0.0104	0.0234	5.731e-02	5.730e-02	5.731e-02	84.76	3175.83	386.29	11955.01
5	52792437	G	A	3.725e-02	0.0659	0.0317	3.032e-02	3.148e-02	3.002e-02	33.78	1770.37	87.92	6490.11
5	65189412	T	C	7.939e-01	0.0145	0.0556	9.656e-03	9.766e-03	9.626e-03	3.61	562.99	16.08	2105.55
6	132778989	C	T	1.026e-01	-0.0182	0.0112	6.027e-01	5.983e-01	6.038e-01	10414.72	14104.93	40422.69	53248.82
6	32168994	C	T	5.534e-01	0.0235	0.0396	1.936e-02	1.957e-02	1.930e-02	11.66	1119.46	50.29	4185.84
6	32615274	C	T	4.083e-02	0.0245	0.0120	5.559e-01	5.599e-01	5.549e-01	9232.71	14222.37	34323.06	54574.17
6	7240344	A	T	2.302e-08	0.0620	0.0111	4.026e-01	4.132e-01	3.998e-01	4999.13	14129.38	17763.90	53261.89
7	130782095	A	G	5.314e-07	0.0546	0.0109	5.433e-01	5.544e-01	5.404e-01	9019.44	14329.87	32458.27	55097.25
7	28037651	T	G	1.908e-03	-0.1418	0.0457	1.511e-02	1.388e-02	1.543e-02	6.32	797.74	28.80	3369.22
7	28067886	C	T	3.877e-03	-0.1322	0.0458	1.495e-02	1.381e-02	1.526e-02	6.33	793.65	28.42	3330.96
8	2060836	TC	T	1.746e-01	0.0159	0.0117	3.154e-01	3.167e-01	3.151e-01	2942.04	12606.38	11191.52	47590.01
8	2060836	TC	T	1.746e-01	0.0159	0.0117	3.154e-01	3.167e-01	3.151e-01	2942.04	12606.38	11191.52	47590.01
8	78750234	A	G	9.065e-01	-0.0038	0.0328	2.887e-02	2.886e-02	2.887e-02	32.04	1621.04	101.74	6208.38
9	22136441	G	C	1.686e-19	0.1098	0.0122	2.755e-01	2.909e-01	2.714e-01	2459.40	12065.32	8276.67	43726.27
9	68430208	A	G	6.603e-01	0.0376	0.0856	4.458e-03	4.494e-03	4.449e-03	0.87	260.65	3.73	980.53
10	112986029	G	A	1.818e-11	-0.0889	0.0132	2.228e-01	2.130e-01	2.253e-01	1310.67	9815.65	5655.43	38729.03
10	113320744	C	T	2.888e-01	-0.0379	0.0357	2.395e-02	2.310e-02	2.417e-02	13.99	1320.59	60.28	5246.36
10	12269466	G	A	9.195e-03	0.0284	0.0109	5.203e-01	5.253e-01	5.190e-01	8154.66	14359.14	30004.00	55252.11
10	12283059	T	C	1.216e-05	0.0486	0.0111	4.280e-01	4.359e-01	4.259e-01	5606.10	14241.09	20256.86	54065.38
10	12616744	C	G	2.673e-01	-0.0123	0.0111	6.067e-01	6.042e-01	6.073e-01	10683.01	13913.04	41128.22	52613.95
10	69692529	T	C	1.244e-02	-0.0346	0.0139	8.081e-01	8.041e-01	8.092e-01	18833.73	9278.13	72817.91	34058.84
11	117823677	A	G	1.467e-04	0.0428	0.0113	3.674e-01	3.741e-01	3.657e-01	4085.14	13674.43	14888.86	51427.32
11	17396930	C	A	7.222e-07	-0.0539	0.0109	5.264e-01	5.150e-01	5.294e-01	7748.57	14569.93	31172.72	55211.29
11	2708716	C	G	8.980e-03	0.0293	0.0112	6.146e-01	6.195e-01	6.133e-01	11173.01	13821.97	41976.73	52247.84
11	73107249	T	C	1.944e-02	-0.2094	0.0896	3.904e-03	3.288e-03	4.066e-03	0.03	191.91	2.07	898.85
15	41736156	C	A	3.321e-02	-0.0236	0.0111	6.048e-01	6.016e-01	6.057e-01	10600.49	13922.95	40762.81	52973.87
16	244211	A	G	2.031e-02	-0.0298	0.0128	2.365e-01	2.324e-01	2.376e-01	1591.30	10388.94	6378.24	40012.80
17	17497321	G	GC	8.041e-02	-0.0209	0.0119	7.073e-01	7.039e-01	7.082e-01	14446.78	12204.74	55730.60	45811.78
17	37683650	C	T	6.711e-02	-0.0203	0.0111	4.354e-01	4.329e-01	4.360e-01	5523.47	14228.99	21091.87	54645.78
19	45798198	A	C	1.342e-06	0.0527	0.0109	4.624e-01	4.731e-01	4.596e-01	6545.20	14531.40	23525.64	54999.60
