#chrom	pos	ref	alt	pval	beta	sebeta	maf	maf_cases	maf_controls	n_hom_cases	n_het_cases	n_hom_controls	n_het_controls
1	219513098	C	T	1.009e-02	0.0501	0.0195	1.706e-01	1.766e-01	1.701e-01	6098.94	8306.42	62848.75	89962.62
1	39181366	G	A	4.191e-07	-0.0939	0.0186	2.611e-01	2.514e-01	2.620e-01	8682.74	7213.35	96808.53	73886.00
5	163508992	C	G	8.577e-01	0.0288	0.1606	1.684e-03	1.704e-03	1.682e-03	58.85	1875.87	621.64	19810.19
5	52792437	G	A	7.715e-01	0.0934	0.3217	4.199e-04	4.560e-04	4.165e-04	15.75	1043.40	153.93	10647.67
5	65189412	T	C	3.122e-01	-0.8405	0.8317	5.542e-05	2.896e-05	5.790e-05	1.00	311.00	21.40	3504.56
6	132778989	C	T	5.157e-01	-0.0126	0.0193	1.821e-01	1.802e-01	1.823e-01	6223.07	8328.74	67357.35	88518.22
6	32168994	C	T	5.241e-01	-0.3023	0.4746	2.088e-04	1.494e-04	2.144e-04	5.16	730.62	79.22	7199.65
6	32615274	C	T	7.173e-15	0.1661	0.0213	1.560e-01	1.666e-01	1.550e-01	5752.15	8288.34	57299.62	91004.92
6	7240344	A	T	2.375e-06	0.1190	0.0252	8.116e-02	8.662e-02	8.065e-02	2991.36	8348.78	29805.89	88526.21
7	130782095	A	G	5.331e-02	0.0392	0.0203	1.472e-01	1.507e-01	1.468e-01	5205.73	8573.87	54262.84	91389.63
7	28037651	T	G	9.069e-01	0.0713	0.6093	1.330e-04	1.349e-04	1.329e-04	4.66	495.29	49.10	5469.47
7	28067886	C	T	8.636e-01	0.1058	0.6160	1.307e-04	1.350e-04	1.303e-04	4.66	492.45	48.14	5415.50
8	2060836	TC	T	9.283e-01	0.0028	0.0310	5.068e-02	5.018e-02	5.072e-02	1732.94	7512.62	18745.08	79574.22
8	2060836	TC	T	9.283e-01	0.0028	0.0310	5.068e-02	5.018e-02	5.072e-02	1732.94	7512.62	18745.08	79574.22
8	78750234	A	G	3.879e-01	-0.2606	0.3019	4.883e-04	4.111e-04	4.956e-04	14.20	935.08	183.14	10484.59
9	22136441	G	C	9.427e-06	0.1547	0.0349	3.822e-02	4.248e-02	3.782e-02	1467.17	7113.71	13975.62	73369.16
9	68430208	A	G	7.768e-01	-0.4810	1.6969	1.403e-05	2.896e-05	1.264e-05	1.00	163.07	4.67	1651.62
10	112986029	G	A	3.858e-03	-0.1246	0.0431	2.539e-02	2.335e-02	2.558e-02	806.28	5760.56	9452.65	64138.48
10	113320744	C	T	9.523e-01	-0.0272	0.4541	2.482e-04	2.023e-04	2.524e-04	6.99	760.82	93.29	8875.79
10	12269466	G	A	1.628e-02	0.0505	0.0210	1.356e-01	1.386e-01	1.353e-01	4787.51	8597.80	50000.40	92181.48
10	12283059	T	C	2.095e-03	0.0748	0.0243	9.194e-02	9.667e-02	9.149e-02	3338.44	8368.21	33812.12	89971.32
10	12616744	C	G	5.040e-01	-0.0128	0.0192	1.851e-01	1.831e-01	1.853e-01	6323.57	8205.02	68483.44	87570.55
10	69692529	T	C	7.055e-03	-0.0528	0.0196	3.273e-01	3.224e-01	3.277e-01	11134.73	5497.98	121120.83	56804.05
11	117823677	A	G	3.225e-02	0.0582	0.0272	6.783e-02	6.983e-02	6.764e-02	2411.51	8122.29	24996.47	85433.77
11	17396930	C	A	1.661e-04	-0.0782	0.0208	1.395e-01	1.316e-01	1.402e-01	4545.68	8639.83	51828.64	91944.51
11	2708716	C	G	9.330e-01	-0.0016	0.0193	1.893e-01	1.882e-01	1.894e-01	6500.76	8279.30	70000.58	86968.08
15	41736156	C	A	9.202e-02	-0.0323	0.0192	1.828e-01	1.806e-01	1.831e-01	6235.56	8246.27	67652.22	88154.63
16	244211	A	G	7.989e-02	-0.0704	0.0402	2.847e-02	2.722e-02	2.859e-02	940.20	6239.61	10565.01	66622.96
17	17497321	G	GC	3.767e-02	-0.0385	0.0185	2.508e-01	2.473e-01	2.512e-01	8539.56	7252.51	92818.91	76159.44
17	37683650	C	T	2.788e-01	-0.0260	0.0240	9.521e-02	9.320e-02	9.540e-02	3218.91	8425.09	35255.79	90507.85
19	45798198	A	C	4.993e-03	0.0633	0.0226	1.068e-01	1.113e-01	1.064e-01	3845.17	8572.56	39307.81	91767.25
